=======Value Maps=======
Value map of agent 0 for target pile (1, 1):
      0.0       0.0       0.0       0.0       0.0       0.0       0.0       0.0       0.0       0.0       0.0
      0.0    45.782   46.5693    47.167   47.4661   47.3536   46.9187   46.4368   45.9549   45.4731       0.0
      0.0   45.4069   46.1672   46.7705   47.0434   46.8446   46.3736   45.8871   45.4007   45.0061       0.0
      0.0   44.8225   45.5155   46.0864   46.3749    46.165   45.7022   45.3789   45.1403   44.8946       0.0
      0.0   44.4051   44.8255   45.3913   45.6413   45.5677    45.395   45.1725   44.9501   44.7276       0.0
      0.0   44.0784   44.4778   44.9864   45.2691   45.2525   45.1778   44.9661   44.7437   44.5426       0.0
      0.0   44.0022   44.6172   45.0768   45.1006   44.9376   44.8629     44.76   44.5374   44.4264       0.0
      0.0   44.1461   44.7429    45.084   45.0689    44.881   44.5817   44.4732   44.4109    44.367       0.0
      0.0   44.2752   44.8108   45.1376   45.1254   44.9924   44.7463   44.4789   44.4861   44.5162       0.0
      0.0   44.4925   44.9868   45.2811   45.2674   45.1646   44.9762   44.8607   44.7507   44.6477       0.0
      0.0       0.0       0.0       0.0       0.0       0.0       0.0       0.0       0.0       0.0       0.0

=======Likeliest Action=======
Likeliest action map of agent 0 for target pile (1, 1):
[[nan nan nan nan nan nan nan nan nan nan nan]
 [nan  0.  3.  3.  3.  3.  3.  3.  3.  3. nan]
 [nan  0.  0.  0.  3.  3.  3.  3.  3.  3. nan]
 [nan  0.  0.  0.  0.  3.  3.  3.  3.  3. nan]
 [nan  0.  0.  0.  0.  0.  0.  3.  3.  3. nan]
 [nan  0.  0.  0.  0.  0.  0.  0.  3.  3. nan]
 [nan  0.  0.  0.  0.  0.  0.  0.  0.  0. nan]
 [nan  0.  0.  0.  0.  0.  0.  0.  0.  0. nan]
 [nan  0.  0.  0.  0.  0.  0.  0.  0.  0. nan]
 [nan  0.  0.  0.  0.  0.  0.  0.  0.  0. nan]
 [nan nan nan nan nan nan nan nan nan nan nan]]
=======Action Probabilities=======
Action probability map of agent 0 for target pile (1, 1):
[[ 0.0000,  0.0000,  0.0000,  0.0000][ 0.0000,  0.0000,  0.0000,  0.0000][ 0.0000,  0.0000,  0.0000,  0.0000][ 0.0000,  0.0000,  0.0000,  0.0000][ 0.0000,  0.0000,  0.0000,  0.0000][ 0.0000,  0.0000,  0.0000,  0.0000][ 0.0000,  0.0000,  0.0000,  0.0000][ 0.0000,  0.0000,  0.0000,  0.0000][ 0.0000,  0.0000,  0.0000,  0.0000][ 0.0000,  0.0000,  0.0000,  0.0000][ 0.0000,  0.0000,  0.0000,  0.0000]]
[[ 0.0000,  0.0000,  0.0000,  0.0000][ 0.7303,  0.1058,  0.0336,  0.1302][ 0.2238,  0.0048,  0.0186,  0.7529][ 0.0206,  0.0001,  0.0036,  0.9757][ 0.0029,  0.0000,  0.0010,  0.9962][ 0.0008,  0.0000,  0.0004,  0.9989][ 0.0003,  0.0000,  0.0002,  0.9995][ 0.0002,  0.0000,  0.0002,  0.9997][ 0.0001,  0.0000,  0.0001,  0.9997][ 0.0001,  0.0000,  0.0001,  0.9998][ 0.0000,  0.0000,  0.0000,  0.0000]]
[[ 0.0000,  0.0000,  0.0000,  0.0000][ 0.9850,  0.0112,  0.0003,  0.0035][ 0.9617,  0.0020,  0.0004,  0.0359][ 0.6371,  0.0004,  0.0008,  0.3617][ 0.1097,  0.0000,  0.0005,  0.8898][ 0.0136,  0.0000,  0.0002,  0.9862][ 0.0028,  0.0000,  0.0001,  0.9971][ 0.0010,  0.0000,  0.0001,  0.9990][ 0.0005,  0.0000,  0.0001,  0.9995][ 0.0003,  0.0000,  0.0001,  0.9996][ 0.0000,  0.0000,  0.0000,  0.0000]]
[[ 0.0000,  0.0000,  0.0000,  0.0000][ 0.9979,  0.0018,  0.0000,  0.0003][ 0.9981,  0.0004,  0.0000,  0.0015][ 0.9890,  0.0002,  0.0000,  0.0108][ 0.8893,  0.0001,  0.0001,  0.1105][ 0.3874,  0.0000,  0.0002,  0.6124][ 0.0608,  0.0000,  0.0001,  0.9391][ 0.0106,  0.0000,  0.0001,  0.9893][ 0.0029,  0.0000,  0.0001,  0.9970][ 0.0012,  0.0000,  0.0000,  0.9988][ 0.0000,  0.0000,  0.0000,  0.0000]]
[[ 0.0000,  0.0000,  0.0000,  0.0000][ 0.9994,  0.0005,  0.0000,  0.0001][ 0.9996,  0.0002,  0.0000,  0.0002][ 0.9991,  0.0001,  0.0000,  0.0008][ 0.9954,  0.0000,  0.0000,  0.0046][ 0.9627,  0.0000,  0.0000,  0.0373][ 0.7148,  0.0000,  0.0000,  0.2851][ 0.2117,  0.0000,  0.0001,  0.7882][ 0.0388,  0.0000,  0.0001,  0.9611][ 0.0092,  0.0000,  0.0000,  0.9907][ 0.0000,  0.0000,  0.0000,  0.0000]]
[[ 0.0000,  0.0000,  0.0000,  0.0000][ 0.9997,  0.0002,  0.0000,  0.0000][ 0.9998,  0.0001,  0.0000,  0.0001][ 0.9998,  0.0000,  0.0000,  0.0002][ 0.9994,  0.0000,  0.0000,  0.0006][ 0.9974,  0.0000,  0.0000,  0.0025][ 0.9838,  0.0000,  0.0000,  0.0162][ 0.8830,  0.0000,  0.0000,  0.1170][ 0.4819,  0.0000,  0.0000,  0.5181][ 0.1231,  0.0000,  0.0000,  0.8769][ 0.0000,  0.0000,  0.0000,  0.0000]]
[[ 0.0000,  0.0000,  0.0000,  0.0000][ 0.9998,  0.0001,  0.0000,  0.0000][ 0.9999,  0.0001,  0.0000,  0.0000][ 0.9999,  0.0000,  0.0000,  0.0001][ 0.9998,  0.0000,  0.0000,  0.0002][ 0.9995,  0.0000,  0.0000,  0.0005][ 0.9983,  0.0000,  0.0000,  0.0017][ 0.9912,  0.0000,  0.0000,  0.0088][ 0.9470,  0.0000,  0.0000,  0.0530][ 0.7258,  0.0000,  0.0000,  0.2742][ 0.0000,  0.0000,  0.0000,  0.0000]]
[[ 0.0000,  0.0000,  0.0000,  0.0000][ 0.9999,  0.0001,  0.0000,  0.0000][ 0.9999,  0.0001,  0.0000,  0.0000][ 0.9999,  0.0000,  0.0000,  0.0000][ 0.9999,  0.0000,  0.0000,  0.0001][ 0.9998,  0.0000,  0.0000,  0.0002][ 0.9996,  0.0000,  0.0000,  0.0004][ 0.9987,  0.0000,  0.0000,  0.0013][ 0.9944,  0.0000,  0.0000,  0.0056][ 0.9722,  0.0000,  0.0000,  0.0278][ 0.0000,  0.0000,  0.0000,  0.0000]]
[[ 0.0000,  0.0000,  0.0000,  0.0000][ 0.9999,  0.0001,  0.0000,  0.0000][ 0.9999,  0.0000,  0.0000,  0.0000][ 0.9999,  0.0000,  0.0000,  0.0000][ 0.9999,  0.0000,  0.0000,  0.0000][ 0.9999,  0.0000,  0.0000,  0.0001][ 0.9998,  0.0000,  0.0000,  0.0002][ 0.9996,  0.0000,  0.0000,  0.0004][ 0.9989,  0.0000,  0.0000,  0.0011][ 0.9960,  0.0000,  0.0000,  0.0040][ 0.0000,  0.0000,  0.0000,  0.0000]]
[[ 0.0000,  0.0000,  0.0000,  0.0000][ 0.9999,  0.0001,  0.0000,  0.0000][ 0.9999,  0.0000,  0.0000,  0.0000][ 0.9999,  0.0000,  0.0000,  0.0000][ 0.9999,  0.0000,  0.0000,  0.0000][ 0.9999,  0.0000,  0.0000,  0.0001][ 0.9999,  0.0000,  0.0000,  0.0001][ 0.9998,  0.0000,  0.0000,  0.0002][ 0.9996,  0.0000,  0.0000,  0.0004][ 0.9990,  0.0000,  0.0000,  0.0010][ 0.0000,  0.0000,  0.0000,  0.0000]]
[[ 0.0000,  0.0000,  0.0000,  0.0000][ 0.0000,  0.0000,  0.0000,  0.0000][ 0.0000,  0.0000,  0.0000,  0.0000][ 0.0000,  0.0000,  0.0000,  0.0000][ 0.0000,  0.0000,  0.0000,  0.0000][ 0.0000,  0.0000,  0.0000,  0.0000][ 0.0000,  0.0000,  0.0000,  0.0000][ 0.0000,  0.0000,  0.0000,  0.0000][ 0.0000,  0.0000,  0.0000,  0.0000][ 0.0000,  0.0000,  0.0000,  0.0000][ 0.0000,  0.0000,  0.0000,  0.0000]]
Used actions: {0: 40517, 1: 37972, 2: 35862, 3: 25649}
=======Value Maps=======
Value map of agent 0 for target pile (2, 4):
      0.0       0.0       0.0       0.0       0.0       0.0       0.0       0.0       0.0       0.0       0.0
      0.0   45.8414   46.0554   46.2116   46.3182   46.4247     46.79   47.1592   47.4759   48.0616       0.0
      0.0   45.7923   46.0063   46.1591   46.2657   46.3722   46.4788   46.7345   47.2584   47.8735       0.0
      0.0   45.7432   45.9492   46.1066   46.2132   46.3197   46.4263   46.5388   47.0767   47.6622       0.0
      0.0   45.6875   45.8948   46.0571   46.1629   46.2686   46.3744     46.72   47.2752   47.7505       0.0
      0.0   45.6138   45.8249   45.9998   46.1127   46.2256   46.5335   47.1986   47.8121   48.2542       0.0
      0.0     45.54   45.7512   45.9316   46.2058    46.523   47.0567   47.6906   48.2547   48.6356       0.0
      0.0   45.4407   45.8217   46.1773   46.4388    46.827   47.4369   47.9957   48.4864   48.8055       0.0
      0.0    45.762   45.9905   46.3201   46.6416   47.1273   47.6718   48.1747   48.6651   48.9341       0.0
      0.0   45.9578   46.1234   46.4412    46.787   47.3267   47.8637   48.3538   48.8148   49.0493       0.0
      0.0       0.0       0.0       0.0       0.0       0.0       0.0       0.0       0.0       0.0       0.0

=======Likeliest Action=======
Likeliest action map of agent 0 for target pile (2, 4):
[[nan nan nan nan nan nan nan nan nan nan nan]
 [nan  1.  1.  2.  2.  3.  3.  3.  3.  3. nan]
 [nan  1.  1.  1.  0.  3.  3.  3.  3.  3. nan]
 [nan  1.  1.  0.  0.  0.  3.  3.  3.  3. nan]
 [nan  1.  0.  0.  0.  0.  0.  0.  3.  3. nan]
 [nan  0.  0.  0.  0.  0.  0.  0.  0.  3. nan]
 [nan  0.  0.  0.  0.  0.  0.  0.  0.  0. nan]
 [nan  0.  0.  0.  0.  0.  0.  0.  0.  0. nan]
 [nan  0.  0.  0.  0.  0.  0.  0.  0.  0. nan]
 [nan  0.  0.  0.  0.  0.  0.  0.  0.  0. nan]
 [nan nan nan nan nan nan nan nan nan nan nan]]
=======Action Probabilities=======
Action probability map of agent 0 for target pile (2, 4):
[[ 0.0000,  0.0000,  0.0000,  0.0000][ 0.0000,  0.0000,  0.0000,  0.0000][ 0.0000,  0.0000,  0.0000,  0.0000][ 0.0000,  0.0000,  0.0000,  0.0000][ 0.0000,  0.0000,  0.0000,  0.0000][ 0.0000,  0.0000,  0.0000,  0.0000][ 0.0000,  0.0000,  0.0000,  0.0000][ 0.0000,  0.0000,  0.0000,  0.0000][ 0.0000,  0.0000,  0.0000,  0.0000][ 0.0000,  0.0000,  0.0000,  0.0000][ 0.0000,  0.0000,  0.0000,  0.0000]]
[[ 0.0000,  0.0000,  0.0000,  0.0000][ 0.0006,  0.9853,  0.0141,  0.0000][ 0.0017,  0.9070,  0.0910,  0.0004][ 0.0047,  0.4497,  0.5261,  0.0196][ 0.0042,  0.0431,  0.6302,  0.3225][ 0.0011,  0.0011,  0.1343,  0.8635][ 0.0003,  0.0000,  0.0191,  0.9806][ 0.0001,  0.0000,  0.0042,  0.9957][ 0.0001,  0.0000,  0.0015,  0.9985][ 0.0001,  0.0000,  0.0007,  0.9992][ 0.0000,  0.0000,  0.0000,  0.0000]]
[[ 0.0000,  0.0000,  0.0000,  0.0000][ 0.0047,  0.9934,  0.0020,  0.0000][ 0.0204,  0.9720,  0.0075,  0.0001][ 0.1311,  0.8140,  0.0484,  0.0065][ 0.3274,  0.1976,  0.1532,  0.3217][ 0.0456,  0.0032,  0.0320,  0.9192][ 0.0043,  0.0001,  0.0044,  0.9912][ 0.0008,  0.0000,  0.0011,  0.9981][ 0.0003,  0.0000,  0.0004,  0.9993][ 0.0002,  0.0000,  0.0003,  0.9996][ 0.0000,  0.0000,  0.0000,  0.0000]]
[[ 0.0000,  0.0000,  0.0000,  0.0000][ 0.0457,  0.9538,  0.0006,  0.0000][ 0.2334,  0.7654,  0.0011,  0.0001][ 0.7363,  0.2609,  0.0016,  0.0011][ 0.9501,  0.0353,  0.0016,  0.0129][ 0.8151,  0.0046,  0.0024,  0.1779][ 0.1950,  0.0003,  0.0016,  0.8030][ 0.0190,  0.0000,  0.0005,  0.9805][ 0.0030,  0.0000,  0.0002,  0.9967][ 0.0009,  0.0000,  0.0001,  0.9990][ 0.0000,  0.0000,  0.0000,  0.0000]]
[[ 0.0000,  0.0000,  0.0000,  0.0000][ 0.3389,  0.6609,  0.0002,  0.0000][ 0.7922,  0.2076,  0.0001,  0.0001][ 0.9705,  0.0293,  0.0000,  0.0002][ 0.9952,  0.0040,  0.0000,  0.0007][ 0.9943,  0.0008,  0.0000,  0.0048][ 0.9456,  0.0003,  0.0001,  0.0540][ 0.5298,  0.0001,  0.0002,  0.4699][ 0.0811,  0.0000,  0.0002,  0.9187][ 0.0117,  0.0000,  0.0001,  0.9882][ 0.0000,  0.0000,  0.0000,  0.0000]]
[[ 0.0000,  0.0000,  0.0000,  0.0000][ 0.8177,  0.1822,  0.0000,  0.0000][ 0.9689,  0.0311,  0.0000,  0.0000][ 0.9952,  0.0047,  0.0000,  0.0001][ 0.9990,  0.0009,  0.0000,  0.0001][ 0.9993,  0.0002,  0.0000,  0.0004][ 0.9976,  0.0001,  0.0000,  0.0023][ 0.9802,  0.0001,  0.0000,  0.0197][ 0.8052,  0.0000,  0.0000,  0.1948][ 0.2624,  0.0000,  0.0001,  0.7375][ 0.0000,  0.0000,  0.0000,  0.0000]]
[[ 0.0000,  0.0000,  0.0000,  0.0000][ 0.9647,  0.0353,  0.0000,  0.0000][ 0.9935,  0.0065,  0.0000,  0.0000][ 0.9987,  0.0013,  0.0000,  0.0000][ 0.9996,  0.0003,  0.0000,  0.0001][ 0.9998,  0.0001,  0.0000,  0.0001][ 0.9996,  0.0001,  0.0000,  0.0003][ 0.9985,  0.0000,  0.0000,  0.0014][ 0.9906,  0.0000,  0.0000,  0.0094][ 0.9207,  0.0000,  0.0000,  0.0793][ 0.0000,  0.0000,  0.0000,  0.0000]]
[[ 0.0000,  0.0000,  0.0000,  0.0000][ 0.9911,  0.0089,  0.0000,  0.0000][ 0.9979,  0.0021,  0.0000,  0.0000][ 0.9994,  0.0006,  0.0000,  0.0000][ 0.9998,  0.0002,  0.0000,  0.0000][ 0.9999,  0.0001,  0.0000,  0.0001][ 0.9999,  0.0000,  0.0000,  0.0001][ 0.9997,  0.0000,  0.0000,  0.0003][ 0.9989,  0.0000,  0.0000,  0.0010][ 0.9945,  0.0000,  0.0000,  0.0055][ 0.0000,  0.0000,  0.0000,  0.0000]]
[[ 0.0000,  0.0000,  0.0000,  0.0000][ 0.9969,  0.0031,  0.0000,  0.0000][ 0.9991,  0.0009,  0.0000,  0.0000][ 0.9997,  0.0003,  0.0000,  0.0000][ 0.9999,  0.0001,  0.0000,  0.0000][ 0.9999,  0.0001,  0.0000,  0.0000][ 0.9999,  0.0000,  0.0000,  0.0001][ 0.9999,  0.0000,  0.0000,  0.0001][ 0.9997,  0.0000,  0.0000,  0.0003][ 0.9991,  0.0000,  0.0000,  0.0009][ 0.0000,  0.0000,  0.0000,  0.0000]]
[[ 0.0000,  0.0000,  0.0000,  0.0000][ 0.9986,  0.0014,  0.0000,  0.0000][ 0.9995,  0.0005,  0.0000,  0.0000][ 0.9998,  0.0002,  0.0000,  0.0000][ 0.9999,  0.0001,  0.0000,  0.0000][ 0.9999,  0.0001,  0.0000,  0.0000][ 0.9999,  0.0000,  0.0000,  0.0000][ 0.9999,  0.0000,  0.0000,  0.0001][ 0.9999,  0.0000,  0.0000,  0.0001][ 0.9997,  0.0000,  0.0000,  0.0003][ 0.0000,  0.0000,  0.0000,  0.0000]]
[[ 0.0000,  0.0000,  0.0000,  0.0000][ 0.0000,  0.0000,  0.0000,  0.0000][ 0.0000,  0.0000,  0.0000,  0.0000][ 0.0000,  0.0000,  0.0000,  0.0000][ 0.0000,  0.0000,  0.0000,  0.0000][ 0.0000,  0.0000,  0.0000,  0.0000][ 0.0000,  0.0000,  0.0000,  0.0000][ 0.0000,  0.0000,  0.0000,  0.0000][ 0.0000,  0.0000,  0.0000,  0.0000][ 0.0000,  0.0000,  0.0000,  0.0000][ 0.0000,  0.0000,  0.0000,  0.0000]]
Used actions: {0: 40517, 1: 37972, 2: 35862, 3: 25649}
=======Value Maps=======
Value map of agent 0 for target pile (4, 7):
      0.0       0.0       0.0       0.0       0.0       0.0       0.0       0.0       0.0       0.0       0.0
      0.0   45.6113   45.5095   45.6664   45.8359   46.0305   46.2505   46.4703     46.69   47.1255       0.0
      0.0   45.4146   45.4168   45.5864   45.7556   45.9045   46.1221   46.3419   46.5617   46.7814       0.0
      0.0   45.2202   45.3369   45.5055   45.6737    45.828   45.9938   46.2136   46.4333   46.6524       0.0
      0.0   45.1269   45.2553   45.4236   45.5918   45.7516   45.8654   46.0852    46.305   46.5161       0.0
      0.0   45.2083   45.1777   45.3417     45.51   45.6751    45.747   45.9569   46.2619   46.6826       0.0
      0.0   45.2897   45.2104   45.2624   45.4281   45.5963   45.8019   46.1715   46.5942   47.0149       0.0
      0.0   45.3712   45.2919    45.227   45.5207   45.8996   46.1909   46.5057   46.9264   47.3471       0.0
      0.0   45.4473   45.5864   45.7214   45.9508   46.2832   46.5799   46.8556   47.2587   47.6794       0.0
      0.0   45.9681   46.1063   46.2448   46.3838   46.7025   46.9626   47.2393   47.5907   48.0115       0.0
      0.0       0.0       0.0       0.0       0.0       0.0       0.0       0.0       0.0       0.0       0.0

=======Likeliest Action=======
Likeliest action map of agent 0 for target pile (4, 7):
[[nan nan nan nan nan nan nan nan nan nan nan]
 [nan  1.  1.  1.  2.  2.  2.  2.  2.  3. nan]
 [nan  1.  1.  1.  1.  2.  2.  2.  2.  3. nan]
 [nan  1.  1.  1.  1.  1.  2.  2.  3.  3. nan]
 [nan  1.  1.  1.  1.  1.  1.  0.  3.  3. nan]
 [nan  1.  1.  1.  1.  1.  0.  0.  0.  3. nan]
 [nan  1.  1.  1.  1.  0.  0.  0.  0.  0. nan]
 [nan  1.  1.  1.  0.  0.  0.  0.  0.  0. nan]
 [nan  1.  1.  0.  0.  0.  0.  0.  0.  0. nan]
 [nan  1.  0.  0.  0.  0.  0.  0.  0.  0. nan]
 [nan nan nan nan nan nan nan nan nan nan nan]]
=======Action Probabilities=======
Action probability map of agent 0 for target pile (4, 7):
[[ 0.0000,  0.0000,  0.0000,  0.0000][ 0.0000,  0.0000,  0.0000,  0.0000][ 0.0000,  0.0000,  0.0000,  0.0000][ 0.0000,  0.0000,  0.0000,  0.0000][ 0.0000,  0.0000,  0.0000,  0.0000][ 0.0000,  0.0000,  0.0000,  0.0000][ 0.0000,  0.0000,  0.0000,  0.0000][ 0.0000,  0.0000,  0.0000,  0.0000][ 0.0000,  0.0000,  0.0000,  0.0000][ 0.0000,  0.0000,  0.0000,  0.0000][ 0.0000,  0.0000,  0.0000,  0.0000]]
[[ 0.0000,  0.0000,  0.0000,  0.0000][ 0.0000,  0.9824,  0.0176,  0.0000][ 0.0000,  0.9321,  0.0679,  0.0000][ 0.0000,  0.6888,  0.3111,  0.0000][ 0.0000,  0.2188,  0.7809,  0.0002][ 0.0000,  0.0360,  0.9630,  0.0010][ 0.0000,  0.0065,  0.9892,  0.0043][ 0.0000,  0.0016,  0.9758,  0.0226][ 0.0000,  0.0005,  0.8700,  0.1295][ 0.0000,  0.0002,  0.4992,  0.5007][ 0.0000,  0.0000,  0.0000,  0.0000]]
[[ 0.0000,  0.0000,  0.0000,  0.0000][ 0.0001,  0.9964,  0.0036,  0.0000][ 0.0001,  0.9909,  0.0090,  0.0000][ 0.0001,  0.9648,  0.0351,  0.0000][ 0.0001,  0.8008,  0.1990,  0.0001][ 0.0001,  0.2828,  0.7163,  0.0008][ 0.0000,  0.0363,  0.9565,  0.0072][ 0.0000,  0.0049,  0.9310,  0.0640][ 0.0001,  0.0008,  0.5926,  0.4066][ 0.0001,  0.0001,  0.1492,  0.8507][ 0.0000,  0.0000,  0.0000,  0.0000]]
[[ 0.0000,  0.0000,  0.0000,  0.0000][ 0.0001,  0.9987,  0.0012,  0.0000][ 0.0002,  0.9978,  0.0020,  0.0000][ 0.0002,  0.9949,  0.0049,  0.0000][ 0.0005,  0.9802,  0.0193,  0.0000][ 0.0014,  0.8680,  0.1304,  0.0002][ 0.0035,  0.3382,  0.6477,  0.0106][ 0.0032,  0.0317,  0.7745,  0.1906][ 0.0012,  0.0012,  0.2210,  0.7766][ 0.0003,  0.0000,  0.0303,  0.9693][ 0.0000,  0.0000,  0.0000,  0.0000]]
[[ 0.0000,  0.0000,  0.0000,  0.0000][ 0.0004,  0.9991,  0.0005,  0.0000][ 0.0006,  0.9987,  0.0007,  0.0000][ 0.0011,  0.9977,  0.0012,  0.0000][ 0.0031,  0.9939,  0.0030,  0.0000][ 0.0152,  0.9722,  0.0126,  0.0001][ 0.1097,  0.7982,  0.0870,  0.0051][ 0.2891,  0.1864,  0.2698,  0.2548][ 0.0489,  0.0036,  0.0624,  0.8851][ 0.0046,  0.0001,  0.0079,  0.9874][ 0.0000,  0.0000,  0.0000,  0.0000]]
[[ 0.0000,  0.0000,  0.0000,  0.0000][ 0.0013,  0.9985,  0.0003,  0.0000][ 0.0025,  0.9972,  0.0003,  0.0000][ 0.0066,  0.9929,  0.0005,  0.0000][ 0.0274,  0.9717,  0.0008,  0.0000][ 0.1665,  0.8315,  0.0020,  0.0001][ 0.6769,  0.3183,  0.0036,  0.0012][ 0.9403,  0.0413,  0.0037,  0.0147][ 0.7963,  0.0050,  0.0049,  0.1937][ 0.1851,  0.0003,  0.0029,  0.8116][ 0.0000,  0.0000,  0.0000,  0.0000]]
[[ 0.0000,  0.0000,  0.0000,  0.0000][ 0.0051,  0.9947,  0.0002,  0.0000][ 0.0134,  0.9864,  0.0002,  0.0000][ 0.0484,  0.9514,  0.0003,  0.0000][ 0.2245,  0.7752,  0.0003,  0.0000][ 0.7083,  0.2914,  0.0003,  0.0001][ 0.9602,  0.0395,  0.0001,  0.0002][ 0.9941,  0.0049,  0.0001,  0.0009][ 0.9926,  0.0009,  0.0001,  0.0064][ 0.9294,  0.0003,  0.0002,  0.0702][ 0.0000,  0.0000,  0.0000,  0.0000]]
[[ 0.0000,  0.0000,  0.0000,  0.0000][ 0.0241,  0.9758,  0.0001,  0.0000][ 0.0775,  0.9223,  0.0001,  0.0000][ 0.2849,  0.7149,  0.0001,  0.0000][ 0.7219,  0.2780,  0.0001,  0.0000][ 0.9538,  0.0461,  0.0000,  0.0000][ 0.9938,  0.0062,  0.0000,  0.0001][ 0.9988,  0.0010,  0.0000,  0.0002][ 0.9991,  0.0003,  0.0000,  0.0006][ 0.9966,  0.0001,  0.0000,  0.0033][ 0.0000,  0.0000,  0.0000,  0.0000]]
[[ 0.0000,  0.0000,  0.0000,  0.0000][ 0.1125,  0.8874,  0.0001,  0.0000][ 0.3406,  0.6593,  0.0001,  0.0000][ 0.7300,  0.2699,  0.0000,  0.0000][ 0.9440,  0.0559,  0.0000,  0.0000][ 0.9909,  0.0091,  0.0000,  0.0000][ 0.9984,  0.0016,  0.0000,  0.0000][ 0.9996,  0.0004,  0.0000,  0.0001][ 0.9997,  0.0001,  0.0000,  0.0001][ 0.9995,  0.0001,  0.0000,  0.0004][ 0.0000,  0.0000,  0.0000,  0.0000]]
[[ 0.0000,  0.0000,  0.0000,  0.0000][ 0.3891,  0.6108,  0.0001,  0.0000][ 0.7362,  0.2638,  0.0000,  0.0000][ 0.9338,  0.0662,  0.0000,  0.0000][ 0.9868,  0.0132,  0.0000,  0.0000][ 0.9973,  0.0027,  0.0000,  0.0000][ 0.9993,  0.0006,  0.0000,  0.0000][ 0.9998,  0.0002,  0.0000,  0.0000][ 0.9999,  0.0001,  0.0000,  0.0001][ 0.9998,  0.0000,  0.0000,  0.0001][ 0.0000,  0.0000,  0.0000,  0.0000]]
[[ 0.0000,  0.0000,  0.0000,  0.0000][ 0.0000,  0.0000,  0.0000,  0.0000][ 0.0000,  0.0000,  0.0000,  0.0000][ 0.0000,  0.0000,  0.0000,  0.0000][ 0.0000,  0.0000,  0.0000,  0.0000][ 0.0000,  0.0000,  0.0000,  0.0000][ 0.0000,  0.0000,  0.0000,  0.0000][ 0.0000,  0.0000,  0.0000,  0.0000][ 0.0000,  0.0000,  0.0000,  0.0000][ 0.0000,  0.0000,  0.0000,  0.0000][ 0.0000,  0.0000,  0.0000,  0.0000]]
Used actions: {0: 40517, 1: 37972, 2: 35862, 3: 25649}
=======Value Maps=======
Value map of agent 0 for target pile (7, 9):
      0.0       0.0       0.0       0.0       0.0       0.0       0.0       0.0       0.0       0.0       0.0
      0.0   46.0923   46.3381   46.8691   47.3999   47.9308   48.4637   49.0589    49.861   50.6632       0.0
      0.0   45.8936   45.8906   46.1315   46.6433   47.1762   47.7091   48.4188    49.221    50.023       0.0
      0.0   45.7619   45.6419   45.6886   45.9757   46.4217   46.9766   47.7784   48.5796   49.3807       0.0
      0.0   45.6301   45.4775   45.4423   45.4905   45.8211   46.3568   47.1361   47.9372   48.7384       0.0
      0.0   45.4993   45.3479   45.1959   45.2425     45.29    45.915     46.59   47.5132    48.526       0.0
      0.0   45.3688   45.2167   45.0647   44.9945   45.1869   45.7338   46.6137   47.4936   48.3735       0.0
      0.0   45.2376   45.0856   45.0246   45.0842   45.5186   46.0464   46.6374   47.5173   48.3972       0.0
      0.0   45.2397   45.2993   45.3589   45.4743   45.8503   46.3781   46.9059    47.541   48.4209       0.0
      0.0    45.574   45.6336   45.6932   45.9229   46.2512   46.7098   47.2376   47.7654   48.4445       0.0
      0.0       0.0       0.0       0.0       0.0       0.0       0.0       0.0       0.0       0.0       0.0

=======Likeliest Action=======
Likeliest action map of agent 0 for target pile (7, 9):
[[nan nan nan nan nan nan nan nan nan nan nan]
 [nan  1.  1.  2.  2.  2.  2.  2.  2.  2. nan]
 [nan  1.  1.  1.  2.  2.  2.  2.  2.  2. nan]
 [nan  1.  1.  1.  1.  2.  2.  2.  2.  2. nan]
 [nan  1.  1.  1.  1.  1.  2.  2.  2.  2. nan]
 [nan  1.  1.  1.  1.  1.  1.  2.  2.  2. nan]
 [nan  1.  1.  1.  1.  1.  1.  1.  2.  2. nan]
 [nan  1.  1.  1.  1.  1.  1.  1.  1.  0. nan]
 [nan  1.  1.  1.  1.  1.  1.  1.  0.  0. nan]
 [nan  1.  1.  1.  1.  1.  1.  1.  0.  0. nan]
 [nan nan nan nan nan nan nan nan nan nan nan]]
=======Action Probabilities=======
Action probability map of agent 0 for target pile (7, 9):
[[ 0.0000,  0.0000,  0.0000,  0.0000][ 0.0000,  0.0000,  0.0000,  0.0000][ 0.0000,  0.0000,  0.0000,  0.0000][ 0.0000,  0.0000,  0.0000,  0.0000][ 0.0000,  0.0000,  0.0000,  0.0000][ 0.0000,  0.0000,  0.0000,  0.0000][ 0.0000,  0.0000,  0.0000,  0.0000][ 0.0000,  0.0000,  0.0000,  0.0000][ 0.0000,  0.0000,  0.0000,  0.0000][ 0.0000,  0.0000,  0.0000,  0.0000][ 0.0000,  0.0000,  0.0000,  0.0000]]
[[ 0.0000,  0.0000,  0.0000,  0.0000][ 0.0000,  0.8832,  0.1168,  0.0000][ 0.0000,  0.6409,  0.3591,  0.0000][ 0.0000,  0.2552,  0.7448,  0.0000][ 0.0000,  0.0622,  0.9377,  0.0001][ 0.0000,  0.0156,  0.9843,  0.0001][ 0.0000,  0.0049,  0.9948,  0.0003][ 0.0000,  0.0019,  0.9975,  0.0005][ 0.0000,  0.0009,  0.9980,  0.0011][ 0.0000,  0.0005,  0.9970,  0.0026][ 0.0000,  0.0000,  0.0000,  0.0000]]
[[ 0.0000,  0.0000,  0.0000,  0.0000][ 0.0000,  0.9749,  0.0251,  0.0000][ 0.0000,  0.9264,  0.0735,  0.0000][ 0.0000,  0.7408,  0.2592,  0.0000][ 0.0000,  0.3274,  0.6726,  0.0000][ 0.0000,  0.0722,  0.9277,  0.0001][ 0.0000,  0.0147,  0.9851,  0.0002][ 0.0000,  0.0038,  0.9958,  0.0004][ 0.0000,  0.0013,  0.9977,  0.0010][ 0.0000,  0.0005,  0.9964,  0.0030][ 0.0000,  0.0000,  0.0000,  0.0000]]
[[ 0.0000,  0.0000,  0.0000,  0.0000][ 0.0000,  0.9925,  0.0074,  0.0000][ 0.0000,  0.9838,  0.0162,  0.0000][ 0.0000,  0.9525,  0.0475,  0.0000][ 0.0000,  0.8150,  0.1850,  0.0000][ 0.0000,  0.4005,  0.5994,  0.0000][ 0.0000,  0.0799,  0.9200,  0.0001][ 0.0000,  0.0128,  0.9870,  0.0003][ 0.0000,  0.0027,  0.9964,  0.0009][ 0.0000,  0.0008,  0.9954,  0.0038][ 0.0000,  0.0000,  0.0000,  0.0000]]
[[ 0.0000,  0.0000,  0.0000,  0.0000][ 0.0000,  0.9970,  0.0030,  0.0000][ 0.0000,  0.9949,  0.0050,  0.0000][ 0.0000,  0.9891,  0.0108,  0.0000][ 0.0000,  0.9677,  0.0322,  0.0000][ 0.0000,  0.8624,  0.1375,  0.0000][ 0.0000,  0.4545,  0.5455,  0.0000][ 0.0000,  0.0800,  0.9199,  0.0002][ 0.0000,  0.0101,  0.9891,  0.0008][ 0.0000,  0.0018,  0.9930,  0.0052][ 0.0000,  0.0000,  0.0000,  0.0000]]
[[ 0.0000,  0.0000,  0.0000,  0.0000][ 0.0001,  0.9985,  0.0014,  0.0000][ 0.0001,  0.9979,  0.0021,  0.0000][ 0.0001,  0.9964,  0.0035,  0.0000][ 0.0001,  0.9924,  0.0076,  0.0000][ 0.0001,  0.9763,  0.0236,  0.0000][ 0.0002,  0.8870,  0.1129,  0.0000][ 0.0003,  0.4702,  0.5294,  0.0001][ 0.0002,  0.0720,  0.9270,  0.0008][ 0.0001,  0.0082,  0.9838,  0.0079][ 0.0000,  0.0000,  0.0000,  0.0000]]
[[ 0.0000,  0.0000,  0.0000,  0.0000][ 0.0001,  0.9991,  0.0008,  0.0000][ 0.0001,  0.9988,  0.0010,  0.0000][ 0.0001,  0.9984,  0.0015,  0.0000][ 0.0002,  0.9973,  0.0025,  0.0000][ 0.0003,  0.9941,  0.0056,  0.0000][ 0.0006,  0.9802,  0.0193,  0.0000][ 0.0020,  0.8912,  0.1067,  0.0000][ 0.0065,  0.4513,  0.5413,  0.0009][ 0.0085,  0.0662,  0.9090,  0.0162][ 0.0000,  0.0000,  0.0000,  0.0000]]
[[ 0.0000,  0.0000,  0.0000,  0.0000][ 0.0002,  0.9993,  0.0005,  0.0000][ 0.0002,  0.9992,  0.0006,  0.0000][ 0.0003,  0.9989,  0.0007,  0.0000][ 0.0005,  0.9985,  0.0011,  0.0000][ 0.0009,  0.9972,  0.0019,  0.0000][ 0.0026,  0.9928,  0.0046,  0.0000][ 0.0124,  0.9695,  0.0180,  0.0000][ 0.0901,  0.8077,  0.1015,  0.0007][ 0.3599,  0.2821,  0.3347,  0.0234][ 0.0000,  0.0000,  0.0000,  0.0000]]
[[ 0.0000,  0.0000,  0.0000,  0.0000][ 0.0004,  0.9992,  0.0003,  0.0000][ 0.0006,  0.9990,  0.0004,  0.0000][ 0.0009,  0.9987,  0.0004,  0.0000][ 0.0017,  0.9978,  0.0005,  0.0000][ 0.0041,  0.9951,  0.0008,  0.0000][ 0.0156,  0.9828,  0.0016,  0.0000][ 0.0936,  0.9024,  0.0041,  0.0000][ 0.5131,  0.4771,  0.0093,  0.0004][ 0.9146,  0.0728,  0.0089,  0.0036][ 0.0000,  0.0000,  0.0000,  0.0000]]
[[ 0.0000,  0.0000,  0.0000,  0.0000][ 0.0011,  0.9987,  0.0002,  0.0000][ 0.0017,  0.9981,  0.0003,  0.0000][ 0.0031,  0.9966,  0.0003,  0.0000][ 0.0073,  0.9923,  0.0003,  0.0000][ 0.0236,  0.9759,  0.0004,  0.0000][ 0.1084,  0.8909,  0.0007,  0.0000][ 0.4876,  0.5116,  0.0008,  0.0000][ 0.9075,  0.0919,  0.0005,  0.0002][ 0.9889,  0.0104,  0.0002,  0.0005][ 0.0000,  0.0000,  0.0000,  0.0000]]
[[ 0.0000,  0.0000,  0.0000,  0.0000][ 0.0000,  0.0000,  0.0000,  0.0000][ 0.0000,  0.0000,  0.0000,  0.0000][ 0.0000,  0.0000,  0.0000,  0.0000][ 0.0000,  0.0000,  0.0000,  0.0000][ 0.0000,  0.0000,  0.0000,  0.0000][ 0.0000,  0.0000,  0.0000,  0.0000][ 0.0000,  0.0000,  0.0000,  0.0000][ 0.0000,  0.0000,  0.0000,  0.0000][ 0.0000,  0.0000,  0.0000,  0.0000][ 0.0000,  0.0000,  0.0000,  0.0000]]
Used actions: {0: 40517, 1: 37972, 2: 35862, 3: 25649}
=======Value Maps=======
Value map of agent 0 for target pile (9, 9):
      0.0       0.0       0.0       0.0       0.0       0.0       0.0       0.0       0.0       0.0       0.0
      0.0   46.4609   46.8051   47.1493   47.5271   48.0585   48.5899   49.1213   49.6541   50.2244       0.0
      0.0   45.6931    45.982   46.3263   46.7723   47.3037   47.8351   48.3682   48.9016   49.5864       0.0
      0.0   44.9869   45.1589   45.5032   46.0175   46.5489    47.082   47.6149   48.1478   48.9668       0.0
      0.0   44.2808   44.4254   44.7308   45.2616   45.7945   46.3274   46.9228    47.778   48.7913       0.0
      0.0   43.5731   43.7171   43.9811   44.5071   45.1445   45.8885   46.6326   47.6017   48.6144       0.0
      0.0   43.0698   43.0401    43.489   44.1093   44.8533   45.5974    46.412   47.4248   48.4376       0.0
      0.0   43.0579   43.0017   43.4134   43.8593   44.5622   45.3063   46.2352   47.2479   48.2607       0.0
      0.0   43.3239   43.3337   43.4396   43.8513   44.3045   45.0455   46.0583   47.0711   48.0838       0.0
      0.0   43.6084    43.668   43.7276   43.8776   44.2893   44.9698   45.8814   46.8942    47.907       0.0
      0.0       0.0       0.0       0.0       0.0       0.0       0.0       0.0       0.0       0.0       0.0

=======Likeliest Action=======
Likeliest action map of agent 0 for target pile (9, 9):
[[nan nan nan nan nan nan nan nan nan nan nan]
 [nan  2.  2.  2.  2.  2.  2.  2.  2.  2. nan]
 [nan  1.  1.  2.  2.  2.  2.  2.  2.  2. nan]
 [nan  1.  1.  1.  2.  2.  2.  2.  2.  2. nan]
 [nan  1.  1.  1.  1.  2.  2.  2.  2.  2. nan]
 [nan  1.  1.  1.  1.  1.  2.  2.  2.  2. nan]
 [nan  1.  1.  1.  1.  1.  1.  2.  2.  2. nan]
 [nan  1.  1.  1.  1.  1.  1.  1.  2.  2. nan]
 [nan  1.  1.  1.  1.  1.  1.  1.  1.  2. nan]
 [nan  1.  1.  1.  1.  1.  1.  1.  1.  1. nan]
 [nan nan nan nan nan nan nan nan nan nan nan]]
=======Action Probabilities=======
Action probability map of agent 0 for target pile (9, 9):
[[ 0.0000,  0.0000,  0.0000,  0.0000][ 0.0000,  0.0000,  0.0000,  0.0000][ 0.0000,  0.0000,  0.0000,  0.0000][ 0.0000,  0.0000,  0.0000,  0.0000][ 0.0000,  0.0000,  0.0000,  0.0000][ 0.0000,  0.0000,  0.0000,  0.0000][ 0.0000,  0.0000,  0.0000,  0.0000][ 0.0000,  0.0000,  0.0000,  0.0000][ 0.0000,  0.0000,  0.0000,  0.0000][ 0.0000,  0.0000,  0.0000,  0.0000][ 0.0000,  0.0000,  0.0000,  0.0000]]
[[ 0.0000,  0.0000,  0.0000,  0.0000][ 0.0000,  0.4788,  0.5212,  0.0000][ 0.0000,  0.1756,  0.8243,  0.0000][ 0.0000,  0.0481,  0.9518,  0.0000][ 0.0000,  0.0141,  0.9858,  0.0001][ 0.0000,  0.0051,  0.9948,  0.0001][ 0.0000,  0.0023,  0.9975,  0.0002][ 0.0000,  0.0011,  0.9985,  0.0004][ 0.0000,  0.0006,  0.9987,  0.0007][ 0.0000,  0.0004,  0.9983,  0.0013][ 0.0000,  0.0000,  0.0000,  0.0000]]
[[ 0.0000,  0.0000,  0.0000,  0.0000][ 0.0000,  0.8333,  0.1667,  0.0000][ 0.0000,  0.5594,  0.4406,  0.0000][ 0.0000,  0.2117,  0.7882,  0.0000][ 0.0000,  0.0532,  0.9468,  0.0000][ 0.0000,  0.0136,  0.9864,  0.0001][ 0.0000,  0.0042,  0.9956,  0.0001][ 0.0000,  0.0016,  0.9981,  0.0003][ 0.0000,  0.0008,  0.9987,  0.0006][ 0.0000,  0.0004,  0.9984,  0.0012][ 0.0000,  0.0000,  0.0000,  0.0000]]
[[ 0.0000,  0.0000,  0.0000,  0.0000][ 0.0000,  0.9548,  0.0452,  0.0000][ 0.0000,  0.8727,  0.1273,  0.0000][ 0.0000,  0.6233,  0.3767,  0.0000][ 0.0000,  0.2424,  0.7576,  0.0000][ 0.0000,  0.0555,  0.9445,  0.0000][ 0.0000,  0.0121,  0.9878,  0.0001][ 0.0000,  0.0032,  0.9966,  0.0002][ 0.0000,  0.0011,  0.9985,  0.0004][ 0.0000,  0.0005,  0.9985,  0.0011][ 0.0000,  0.0000,  0.0000,  0.0000]]
[[ 0.0000,  0.0000,  0.0000,  0.0000][ 0.0000,  0.9851,  0.0148,  0.0000][ 0.0000,  0.9655,  0.0345,  0.0000][ 0.0000,  0.8978,  0.1022,  0.0000][ 0.0000,  0.6651,  0.3349,  0.0000][ 0.0000,  0.2574,  0.7426,  0.0000][ 0.0000,  0.0524,  0.9476,  0.0000][ 0.0000,  0.0097,  0.9902,  0.0001][ 0.0000,  0.0022,  0.9975,  0.0003][ 0.0000,  0.0007,  0.9984,  0.0009][ 0.0000,  0.0000,  0.0000,  0.0000]]
[[ 0.0000,  0.0000,  0.0000,  0.0000][ 0.0000,  0.9939,  0.0061,  0.0000][ 0.0000,  0.9884,  0.0115,  0.0000][ 0.0000,  0.9723,  0.0276,  0.0000][ 0.0000,  0.9124,  0.0876,  0.0000][ 0.0000,  0.6817,  0.3183,  0.0000][ 0.0000,  0.2467,  0.7533,  0.0000][ 0.0000,  0.0429,  0.9570,  0.0000][ 0.0000,  0.0069,  0.9929,  0.0002][ 0.0000,  0.0015,  0.9978,  0.0007][ 0.0000,  0.0000,  0.0000,  0.0000]]
[[ 0.0000,  0.0000,  0.0000,  0.0000][ 0.0000,  0.9970,  0.0030,  0.0000][ 0.0000,  0.9952,  0.0048,  0.0000][ 0.0000,  0.9907,  0.0093,  0.0000][ 0.0001,  0.9765,  0.0234,  0.0000][ 0.0001,  0.9183,  0.0816,  0.0000][ 0.0001,  0.6682,  0.3317,  0.0000][ 0.0001,  0.2082,  0.7917,  0.0000][ 0.0000,  0.0310,  0.9688,  0.0001][ 0.0000,  0.0048,  0.9946,  0.0006][ 0.0000,  0.0000,  0.0000,  0.0000]]
[[ 0.0000,  0.0000,  0.0000,  0.0000][ 0.0001,  0.9983,  0.0016,  0.0000][ 0.0001,  0.9976,  0.0023,  0.0000][ 0.0001,  0.9961,  0.0038,  0.0000][ 0.0001,  0.9922,  0.0077,  0.0000][ 0.0001,  0.9786,  0.0212,  0.0000][ 0.0002,  0.9150,  0.0848,  0.0000][ 0.0005,  0.6193,  0.3802,  0.0000][ 0.0005,  0.1580,  0.8414,  0.0001][ 0.0004,  0.0221,  0.9767,  0.0008][ 0.0000,  0.0000,  0.0000,  0.0000]]
[[ 0.0000,  0.0000,  0.0000,  0.0000][ 0.0001,  0.9989,  0.0010,  0.0000][ 0.0001,  0.9986,  0.0013,  0.0000][ 0.0001,  0.9981,  0.0018,  0.0000][ 0.0002,  0.9967,  0.0031,  0.0000][ 0.0003,  0.9930,  0.0067,  0.0000][ 0.0006,  0.9782,  0.0212,  0.0000][ 0.0018,  0.8994,  0.0988,  0.0000][ 0.0058,  0.5446,  0.4495,  0.0001][ 0.0096,  0.1223,  0.8664,  0.0016][ 0.0000,  0.0000,  0.0000,  0.0000]]
[[ 0.0000,  0.0000,  0.0000,  0.0000][ 0.0002,  0.9992,  0.0006,  0.0000][ 0.0002,  0.9990,  0.0008,  0.0000][ 0.0003,  0.9987,  0.0010,  0.0000][ 0.0004,  0.9981,  0.0015,  0.0000][ 0.0007,  0.9966,  0.0026,  0.0000][ 0.0018,  0.9917,  0.0065,  0.0000][ 0.0073,  0.9692,  0.0235,  0.0000][ 0.0429,  0.8419,  0.1151,  0.0001][ 0.1924,  0.4045,  0.4001,  0.0030][ 0.0000,  0.0000,  0.0000,  0.0000]]
[[ 0.0000,  0.0000,  0.0000,  0.0000][ 0.0000,  0.0000,  0.0000,  0.0000][ 0.0000,  0.0000,  0.0000,  0.0000][ 0.0000,  0.0000,  0.0000,  0.0000][ 0.0000,  0.0000,  0.0000,  0.0000][ 0.0000,  0.0000,  0.0000,  0.0000][ 0.0000,  0.0000,  0.0000,  0.0000][ 0.0000,  0.0000,  0.0000,  0.0000][ 0.0000,  0.0000,  0.0000,  0.0000][ 0.0000,  0.0000,  0.0000,  0.0000][ 0.0000,  0.0000,  0.0000,  0.0000]]
Used actions: {0: 40517, 1: 37972, 2: 35862, 3: 25649}
