=======Value Maps=======
Value map of agent 0 for target pile (2, 1):
      0.0       0.0       0.0       0.0       0.0       0.0       0.0       0.0       0.0       0.0       0.0       0.0       0.0       0.0       0.0
      0.0    43.922    38.711   32.5731   26.7978   23.2236    21.463       0.0   17.9374   16.1746   14.4118   12.6489   10.8861    9.1233       0.0
      0.0   47.8751   42.3279   36.0859   29.8439   24.2244   21.5254       0.0   17.9998    16.237   14.4742   12.7113   10.9485    9.1857       0.0
      0.0   50.5215   45.7315   39.5244   33.3173    27.091   21.8407    19.825   18.0622   16.2994   14.5366    12.774    11.012    9.2501       0.0
      0.0   53.1279   49.0895   42.8825   36.6754   30.4683   24.2612       0.0   18.1175   16.3627   14.6008   12.8389   11.0769     9.315       0.0
      0.0   55.8909   52.3436   46.2544   40.0334   33.8263   27.6192       0.0   18.0514   16.3243   14.5972   12.8701   11.1418    9.3799       0.0
      0.0       0.0       0.0       0.0       0.0       0.0       0.0       0.0       0.0       0.0       0.0       0.0       0.0       0.0       0.0

=======Likeliest Action=======
Likeliest action map of agent 0 for target pile (2, 1):
[[nan nan nan nan nan nan nan nan nan nan nan nan nan nan nan]
 [nan  2.  2.  2.  2.  2.  2. nan  2.  2.  2.  2.  2.  2. nan]
 [nan  2.  2.  2.  2.  2.  2. nan  2.  3.  3.  3.  3.  3. nan]
 [nan  0.  0.  0.  0.  0.  0.  0.  0.  0.  0.  0.  0.  0. nan]
 [nan  0.  0.  0.  0.  0.  0. nan  0.  0.  0.  0.  0.  0. nan]
 [nan  0.  0.  0.  0.  0.  0. nan  0.  0.  0.  0.  0.  0. nan]
 [nan nan nan nan nan nan nan nan nan nan nan nan nan nan nan]]
=======Action Probabilities=======
Action probability map of agent 0 for target pile (2, 1):
[[ 0.0000,  0.0000,  0.0000,  0.0000][ 0.0000,  0.0000,  0.0000,  0.0000][ 0.0000,  0.0000,  0.0000,  0.0000][ 0.0000,  0.0000,  0.0000,  0.0000][ 0.0000,  0.0000,  0.0000,  0.0000][ 0.0000,  0.0000,  0.0000,  0.0000][ 0.0000,  0.0000,  0.0000,  0.0000][ 0.0000,  0.0000,  0.0000,  0.0000][ 0.0000,  0.0000,  0.0000,  0.0000][ 0.0000,  0.0000,  0.0000,  0.0000][ 0.0000,  0.0000,  0.0000,  0.0000][ 0.0000,  0.0000,  0.0000,  0.0000][ 0.0000,  0.0000,  0.0000,  0.0000][ 0.0000,  0.0000,  0.0000,  0.0000][ 0.0000,  0.0000,  0.0000,  0.0000]]
[[ 0.0000,  0.0000,  0.0000,  0.0000][ 0.0000,  0.0038,  0.9940,  0.0022][ 0.0000,  0.0029,  0.9944,  0.0027][ 0.0000,  0.0023,  0.9943,  0.0034][ 0.0000,  0.0019,  0.9936,  0.0045][ 0.0000,  0.0016,  0.9923,  0.0061][ 0.0000,  0.0014,  0.9900,  0.0086][ 0.0000,  0.0000,  0.0000,  0.0000][ 0.0000,  0.0012,  0.9809,  0.0179][ 0.0000,  0.0011,  0.9731,  0.0258][ 0.0000,  0.0011,  0.9621,  0.0368][ 0.0000,  0.0011,  0.9474,  0.0515][ 0.0000,  0.0011,  0.9286,  0.0703][ 0.0000,  0.0012,  0.9054,  0.0933][ 0.0000,  0.0000,  0.0000,  0.0000]]
[[ 0.0000,  0.0000,  0.0000,  0.0000][ 0.0000,  0.0433,  0.9306,  0.0261][ 0.0000,  0.0347,  0.9245,  0.0408][ 0.0001,  0.0284,  0.9057,  0.0659][ 0.0003,  0.0236,  0.8693,  0.1068][ 0.0009,  0.0198,  0.8110,  0.1683][ 0.0028,  0.0165,  0.7306,  0.2501][ 0.0000,  0.0000,  0.0000,  0.0000][ 0.0184,  0.0111,  0.5336,  0.4369][ 0.0381,  0.0089,  0.4387,  0.5142][ 0.0689,  0.0071,  0.3563,  0.5676][ 0.1104,  0.0057,  0.2884,  0.5955][ 0.1597,  0.0045,  0.2344,  0.6014][ 0.2123,  0.0036,  0.1925,  0.5915][ 0.0000,  0.0000,  0.0000,  0.0000]]
[[ 0.0000,  0.0000,  0.0000,  0.0000][ 0.9020,  0.0563,  0.0065,  0.0352][ 0.9643,  0.0147,  0.0020,  0.0189][ 0.9845,  0.0041,  0.0007,  0.0106][ 0.9918,  0.0014,  0.0003,  0.0065][ 0.9949,  0.0005,  0.0001,  0.0045][ 0.9963,  0.0002,  0.0001,  0.0034][ 0.9970,  0.0001,  0.0001,  0.0028][ 0.9973,  0.0001,  0.0000,  0.0025][ 0.9974,  0.0001,  0.0000,  0.0025][ 0.9974,  0.0000,  0.0000,  0.0025][ 0.9973,  0.0000,  0.0000,  0.0026][ 0.9970,  0.0000,  0.0000,  0.0029][ 0.9967,  0.0000,  0.0000,  0.0032][ 0.0000,  0.0000,  0.0000,  0.0000]]
[[ 0.0000,  0.0000,  0.0000,  0.0000][ 1.0000,  0.0000,  0.0000,  0.0000][ 1.0000,  0.0000,  0.0000,  0.0000][ 1.0000,  0.0000,  0.0000,  0.0000][ 1.0000,  0.0000,  0.0000,  0.0000][ 1.0000,  0.0000,  0.0000,  0.0000][ 1.0000,  0.0000,  0.0000,  0.0000][ 0.0000,  0.0000,  0.0000,  0.0000][ 1.0000,  0.0000,  0.0000,  0.0000][ 1.0000,  0.0000,  0.0000,  0.0000][ 1.0000,  0.0000,  0.0000,  0.0000][ 1.0000,  0.0000,  0.0000,  0.0000][ 1.0000,  0.0000,  0.0000,  0.0000][ 1.0000,  0.0000,  0.0000,  0.0000][ 0.0000,  0.0000,  0.0000,  0.0000]]
[[ 0.0000,  0.0000,  0.0000,  0.0000][ 1.0000,  0.0000,  0.0000,  0.0000][ 1.0000,  0.0000,  0.0000,  0.0000][ 1.0000,  0.0000,  0.0000,  0.0000][ 1.0000,  0.0000,  0.0000,  0.0000][ 1.0000,  0.0000,  0.0000,  0.0000][ 1.0000,  0.0000,  0.0000,  0.0000][ 0.0000,  0.0000,  0.0000,  0.0000][ 1.0000,  0.0000,  0.0000,  0.0000][ 1.0000,  0.0000,  0.0000,  0.0000][ 1.0000,  0.0000,  0.0000,  0.0000][ 1.0000,  0.0000,  0.0000,  0.0000][ 1.0000,  0.0000,  0.0000,  0.0000][ 1.0000,  0.0000,  0.0000,  0.0000][ 0.0000,  0.0000,  0.0000,  0.0000]]
[[ 0.0000,  0.0000,  0.0000,  0.0000][ 0.0000,  0.0000,  0.0000,  0.0000][ 0.0000,  0.0000,  0.0000,  0.0000][ 0.0000,  0.0000,  0.0000,  0.0000][ 0.0000,  0.0000,  0.0000,  0.0000][ 0.0000,  0.0000,  0.0000,  0.0000][ 0.0000,  0.0000,  0.0000,  0.0000][ 0.0000,  0.0000,  0.0000,  0.0000][ 0.0000,  0.0000,  0.0000,  0.0000][ 0.0000,  0.0000,  0.0000,  0.0000][ 0.0000,  0.0000,  0.0000,  0.0000][ 0.0000,  0.0000,  0.0000,  0.0000][ 0.0000,  0.0000,  0.0000,  0.0000][ 0.0000,  0.0000,  0.0000,  0.0000][ 0.0000,  0.0000,  0.0000,  0.0000]]
Used actions: {0: 94198, 1: 49599, 2: 26285, 3: 19918}
=======Value Maps=======
Value map of agent 0 for target pile (3, 12):
      0.0       0.0       0.0       0.0       0.0       0.0       0.0       0.0       0.0       0.0       0.0       0.0       0.0       0.0       0.0
      0.0   38.7348   39.4853   40.2358   40.9863   41.6992   42.3521       0.0    43.658   44.3109   44.9274   44.4244   43.6946   42.4846       0.0
      0.0   39.2634   40.0139   40.7644   41.4718   42.1247    42.776       0.0   44.0722   44.7203   45.3685   45.1232   44.0944    42.486       0.0
      0.0   39.7919   40.5422     41.24   41.8881   42.5363   43.1844   43.8325   44.4806   45.1288   45.7769   45.6968   44.0591    42.382       0.0
      0.0   40.7501   41.0003   41.6484   42.2966   42.9447   43.5928       0.0   44.8891   45.5372   46.1334   45.6245   43.9755   42.2779       0.0
      0.0   42.8508   41.4088   42.0569    42.705   43.3531   44.0013       0.0   45.2975   45.8492    45.852    45.323   43.8714   42.1739       0.0
      0.0       0.0       0.0       0.0       0.0       0.0       0.0       0.0       0.0       0.0       0.0       0.0       0.0       0.0       0.0

=======Likeliest Action=======
Likeliest action map of agent 0 for target pile (3, 12):
[[nan nan nan nan nan nan nan nan nan nan nan nan nan nan nan]
 [nan  2.  2.  2.  2.  2.  2. nan  2.  2.  2.  2.  2.  2. nan]
 [nan  2.  2.  2.  2.  2.  2. nan  2.  2.  2.  2.  2.  2. nan]
 [nan  1.  1.  1.  1.  1.  1.  1.  1.  1.  1.  1.  1.  1. nan]
 [nan  1.  1.  1.  1.  1.  0. nan  0.  0.  0.  0.  0.  0. nan]
 [nan  0.  0.  0.  0.  0.  0. nan  0.  0.  0.  0.  0.  0. nan]
 [nan nan nan nan nan nan nan nan nan nan nan nan nan nan nan]]
=======Action Probabilities=======
Action probability map of agent 0 for target pile (3, 12):
[[ 0.0000,  0.0000,  0.0000,  0.0000][ 0.0000,  0.0000,  0.0000,  0.0000][ 0.0000,  0.0000,  0.0000,  0.0000][ 0.0000,  0.0000,  0.0000,  0.0000][ 0.0000,  0.0000,  0.0000,  0.0000][ 0.0000,  0.0000,  0.0000,  0.0000][ 0.0000,  0.0000,  0.0000,  0.0000][ 0.0000,  0.0000,  0.0000,  0.0000][ 0.0000,  0.0000,  0.0000,  0.0000][ 0.0000,  0.0000,  0.0000,  0.0000][ 0.0000,  0.0000,  0.0000,  0.0000][ 0.0000,  0.0000,  0.0000,  0.0000][ 0.0000,  0.0000,  0.0000,  0.0000][ 0.0000,  0.0000,  0.0000,  0.0000][ 0.0000,  0.0000,  0.0000,  0.0000]]
[[ 0.0000,  0.0000,  0.0000,  0.0000][ 0.0000,  0.0771,  0.9217,  0.0013][ 0.0000,  0.0722,  0.9265,  0.0013][ 0.0000,  0.0678,  0.9309,  0.0013][ 0.0000,  0.0637,  0.9350,  0.0013][ 0.0000,  0.0599,  0.9388,  0.0014][ 0.0000,  0.0561,  0.9424,  0.0014][ 0.0000,  0.0000,  0.0000,  0.0000][ 0.0000,  0.0486,  0.9498,  0.0016][ 0.0000,  0.0446,  0.9537,  0.0017][ 0.0000,  0.0405,  0.9576,  0.0019][ 0.0000,  0.0363,  0.9616,  0.0021][ 0.0000,  0.0321,  0.9656,  0.0023][ 0.0000,  0.0279,  0.9694,  0.0026][ 0.0000,  0.0000,  0.0000,  0.0000]]
[[ 0.0000,  0.0000,  0.0000,  0.0000][ 0.0000,  0.3549,  0.6431,  0.0019][ 0.0000,  0.3604,  0.6375,  0.0021][ 0.0000,  0.3688,  0.6290,  0.0022][ 0.0000,  0.3797,  0.6179,  0.0024][ 0.0000,  0.3924,  0.6050,  0.0026][ 0.0000,  0.4056,  0.5914,  0.0030][ 0.0000,  0.0000,  0.0000,  0.0000][ 0.0000,  0.4274,  0.5685,  0.0041][ 0.0000,  0.4322,  0.5629,  0.0050][ 0.0000,  0.4303,  0.5634,  0.0062][ 0.0000,  0.4204,  0.5716,  0.0080][ 0.0000,  0.4015,  0.5880,  0.0105][ 0.0000,  0.3735,  0.6127,  0.0139][ 0.0000,  0.0000,  0.0000,  0.0000]]
[[ 0.0000,  0.0000,  0.0000,  0.0000][ 0.0000,  0.8859,  0.1125,  0.0016][ 0.0000,  0.9040,  0.0943,  0.0017][ 0.0000,  0.9212,  0.0770,  0.0018][ 0.0000,  0.9364,  0.0615,  0.0020][ 0.0001,  0.9490,  0.0486,  0.0022][ 0.0002,  0.9587,  0.0385,  0.0026][ 0.0006,  0.9653,  0.0309,  0.0032][ 0.0016,  0.9688,  0.0255,  0.0040][ 0.0044,  0.9683,  0.0220,  0.0053][ 0.0113,  0.9616,  0.0199,  0.0072][ 0.0274,  0.9438,  0.0189,  0.0099][ 0.0609,  0.9065,  0.0188,  0.0138][ 0.1216,  0.8401,  0.0192,  0.0191][ 0.0000,  0.0000,  0.0000,  0.0000]]
[[ 0.0000,  0.0000,  0.0000,  0.0000][ 0.0023,  0.9902,  0.0061,  0.0014][ 0.0073,  0.9868,  0.0043,  0.0016][ 0.0252,  0.9699,  0.0030,  0.0019][ 0.0868,  0.9090,  0.0020,  0.0022][ 0.2570,  0.7395,  0.0012,  0.0023][ 0.5429,  0.4546,  0.0006,  0.0019][ 0.0000,  0.0000,  0.0000,  0.0000][ 0.9114,  0.0879,  0.0001,  0.0007][ 0.9619,  0.0377,  0.0000,  0.0004][ 0.9822,  0.0176,  0.0000,  0.0003][ 0.9908,  0.0090,  0.0000,  0.0002][ 0.9948,  0.0050,  0.0000,  0.0001][ 0.9968,  0.0030,  0.0000,  0.0001][ 0.0000,  0.0000,  0.0000,  0.0000]]
[[ 0.0000,  0.0000,  0.0000,  0.0000][ 0.8427,  0.1566,  0.0001,  0.0005][ 0.9491,  0.0506,  0.0000,  0.0002][ 0.9835,  0.0164,  0.0000,  0.0001][ 0.9941,  0.0058,  0.0000,  0.0000][ 0.9976,  0.0023,  0.0000,  0.0000][ 0.9989,  0.0011,  0.0000,  0.0000][ 0.0000,  0.0000,  0.0000,  0.0000][ 0.9997,  0.0003,  0.0000,  0.0000][ 0.9998,  0.0002,  0.0000,  0.0000][ 0.9999,  0.0001,  0.0000,  0.0000][ 0.9999,  0.0001,  0.0000,  0.0000][ 0.9999,  0.0001,  0.0000,  0.0000][ 1.0000,  0.0000,  0.0000,  0.0000][ 0.0000,  0.0000,  0.0000,  0.0000]]
[[ 0.0000,  0.0000,  0.0000,  0.0000][ 0.0000,  0.0000,  0.0000,  0.0000][ 0.0000,  0.0000,  0.0000,  0.0000][ 0.0000,  0.0000,  0.0000,  0.0000][ 0.0000,  0.0000,  0.0000,  0.0000][ 0.0000,  0.0000,  0.0000,  0.0000][ 0.0000,  0.0000,  0.0000,  0.0000][ 0.0000,  0.0000,  0.0000,  0.0000][ 0.0000,  0.0000,  0.0000,  0.0000][ 0.0000,  0.0000,  0.0000,  0.0000][ 0.0000,  0.0000,  0.0000,  0.0000][ 0.0000,  0.0000,  0.0000,  0.0000][ 0.0000,  0.0000,  0.0000,  0.0000][ 0.0000,  0.0000,  0.0000,  0.0000][ 0.0000,  0.0000,  0.0000,  0.0000]]
Used actions: {0: 94198, 1: 49599, 2: 26285, 3: 19918}
