=======Value Maps=======
Value map of agent 0 for target pile (2, 13):
      0.0       0.0       0.0       0.0       0.0       0.0       0.0       0.0       0.0       0.0       0.0       0.0       0.0       0.0       0.0
      0.0   17.5215   18.0502   18.6767   19.4103   20.5073   21.7348       0.0    24.218   25.6165   27.1592   28.7076    30.256   31.8045       0.0
      0.0   18.6952   19.3091   20.0362   21.1355   22.3525   23.5799       0.0   26.0831   27.5238   29.0873   30.6507   32.2142   33.7777       0.0
      0.0   19.9788   20.7529    21.821    23.026   24.2568   25.4963   26.7388   28.0496   29.5449   31.1084   32.6719   34.2353   35.8035       0.0
      0.0   21.7344   22.7333   23.8778   25.1102   26.3426   27.5796       0.0   30.1561   31.6968   33.2619   34.8271   36.4258   38.0619       0.0
      0.0   23.9114   24.9423   26.1747   27.4071   28.6396   29.8723       0.0   32.4882   34.0533   35.6356   37.2459   38.8678   40.7228       0.0
      0.0       0.0       0.0       0.0       0.0       0.0       0.0       0.0       0.0       0.0       0.0       0.0       0.0       0.0       0.0

=======Likeliest Action=======
Likeliest action map of agent 0 for target pile (2, 13):
[[nan nan nan nan nan nan nan nan nan nan nan nan nan nan nan]
 [nan  2.  2.  2.  2.  2.  2. nan  2.  2.  2.  2.  2.  2. nan]
 [nan  1.  1.  1.  1.  2.  2. nan  2.  2.  2.  2.  2.  2. nan]
 [nan  0.  0.  0.  0.  0.  0.  0.  0.  0.  0.  0.  0.  0. nan]
 [nan  0.  0.  0.  0.  0.  0. nan  0.  0.  0.  0.  0.  0. nan]
 [nan  0.  0.  0.  0.  0.  0. nan  0.  0.  0.  0.  0.  0. nan]
 [nan nan nan nan nan nan nan nan nan nan nan nan nan nan nan]]
=======Action Probabilities=======
Action probability map of agent 0 for target pile (2, 13):
[[ 0.0000,  0.0000,  0.0000,  0.0000][ 0.0000,  0.0000,  0.0000,  0.0000][ 0.0000,  0.0000,  0.0000,  0.0000][ 0.0000,  0.0000,  0.0000,  0.0000][ 0.0000,  0.0000,  0.0000,  0.0000][ 0.0000,  0.0000,  0.0000,  0.0000][ 0.0000,  0.0000,  0.0000,  0.0000][ 0.0000,  0.0000,  0.0000,  0.0000][ 0.0000,  0.0000,  0.0000,  0.0000][ 0.0000,  0.0000,  0.0000,  0.0000][ 0.0000,  0.0000,  0.0000,  0.0000][ 0.0000,  0.0000,  0.0000,  0.0000][ 0.0000,  0.0000,  0.0000,  0.0000][ 0.0000,  0.0000,  0.0000,  0.0000][ 0.0000,  0.0000,  0.0000,  0.0000]]
[[ 0.0000,  0.0000,  0.0000,  0.0000][ 0.0000,  0.0024,  0.9976,  0.0000][ 0.0000,  0.0013,  0.9987,  0.0000][ 0.0000,  0.0008,  0.9992,  0.0000][ 0.0000,  0.0004,  0.9996,  0.0000][ 0.0000,  0.0003,  0.9997,  0.0000][ 0.0000,  0.0002,  0.9998,  0.0000][ 0.0000,  0.0000,  0.0000,  0.0000][ 0.0000,  0.0001,  0.9999,  0.0000][ 0.0000,  0.0001,  0.9999,  0.0000][ 0.0000,  0.0000,  1.0000,  0.0000][ 0.0000,  0.0000,  1.0000,  0.0000][ 0.0000,  0.0000,  1.0000,  0.0000][ 0.0000,  0.0000,  1.0000,  0.0000][ 0.0000,  0.0000,  0.0000,  0.0000]]
[[ 0.0000,  0.0000,  0.0000,  0.0000][ 0.0053,  0.9124,  0.0822,  0.0002][ 0.0031,  0.8449,  0.1518,  0.0002][ 0.0017,  0.7220,  0.2762,  0.0002][ 0.0008,  0.5350,  0.4641,  0.0001][ 0.0003,  0.3243,  0.6753,  0.0001][ 0.0001,  0.1605,  0.8393,  0.0001][ 0.0000,  0.0000,  0.0000,  0.0000][ 0.0000,  0.0276,  0.9723,  0.0000][ 0.0000,  0.0109,  0.9890,  0.0000][ 0.0000,  0.0044,  0.9956,  0.0000][ 0.0000,  0.0019,  0.9981,  0.0000][ 0.0000,  0.0008,  0.9992,  0.0000][ 0.0000,  0.0004,  0.9996,  0.0000][ 0.0000,  0.0000,  0.0000,  0.0000]]
[[ 0.0000,  0.0000,  0.0000,  0.0000][ 0.9986,  0.0014,  0.0000,  0.0000][ 0.9987,  0.0012,  0.0000,  0.0000][ 0.9989,  0.0011,  0.0000,  0.0000][ 0.9990,  0.0010,  0.0000,  0.0000][ 0.9991,  0.0009,  0.0000,  0.0000][ 0.9992,  0.0008,  0.0000,  0.0000][ 0.9992,  0.0007,  0.0000,  0.0000][ 0.9993,  0.0007,  0.0000,  0.0001][ 0.9993,  0.0006,  0.0000,  0.0001][ 0.9992,  0.0006,  0.0000,  0.0002][ 0.9991,  0.0006,  0.0000,  0.0003][ 0.9987,  0.0006,  0.0000,  0.0006][ 0.9978,  0.0007,  0.0000,  0.0015][ 0.0000,  0.0000,  0.0000,  0.0000]]
[[ 0.0000,  0.0000,  0.0000,  0.0000][ 1.0000,  0.0000,  0.0000,  0.0000][ 1.0000,  0.0000,  0.0000,  0.0000][ 1.0000,  0.0000,  0.0000,  0.0000][ 1.0000,  0.0000,  0.0000,  0.0000][ 1.0000,  0.0000,  0.0000,  0.0000][ 1.0000,  0.0000,  0.0000,  0.0000][ 0.0000,  0.0000,  0.0000,  0.0000][ 1.0000,  0.0000,  0.0000,  0.0000][ 1.0000,  0.0000,  0.0000,  0.0000][ 1.0000,  0.0000,  0.0000,  0.0000][ 1.0000,  0.0000,  0.0000,  0.0000][ 1.0000,  0.0000,  0.0000,  0.0000][ 1.0000,  0.0000,  0.0000,  0.0000][ 0.0000,  0.0000,  0.0000,  0.0000]]
[[ 0.0000,  0.0000,  0.0000,  0.0000][ 1.0000,  0.0000,  0.0000,  0.0000][ 1.0000,  0.0000,  0.0000,  0.0000][ 1.0000,  0.0000,  0.0000,  0.0000][ 1.0000,  0.0000,  0.0000,  0.0000][ 1.0000,  0.0000,  0.0000,  0.0000][ 1.0000,  0.0000,  0.0000,  0.0000][ 0.0000,  0.0000,  0.0000,  0.0000][ 1.0000,  0.0000,  0.0000,  0.0000][ 1.0000,  0.0000,  0.0000,  0.0000][ 1.0000,  0.0000,  0.0000,  0.0000][ 1.0000,  0.0000,  0.0000,  0.0000][ 1.0000,  0.0000,  0.0000,  0.0000][ 1.0000,  0.0000,  0.0000,  0.0000][ 0.0000,  0.0000,  0.0000,  0.0000]]
[[ 0.0000,  0.0000,  0.0000,  0.0000][ 0.0000,  0.0000,  0.0000,  0.0000][ 0.0000,  0.0000,  0.0000,  0.0000][ 0.0000,  0.0000,  0.0000,  0.0000][ 0.0000,  0.0000,  0.0000,  0.0000][ 0.0000,  0.0000,  0.0000,  0.0000][ 0.0000,  0.0000,  0.0000,  0.0000][ 0.0000,  0.0000,  0.0000,  0.0000][ 0.0000,  0.0000,  0.0000,  0.0000][ 0.0000,  0.0000,  0.0000,  0.0000][ 0.0000,  0.0000,  0.0000,  0.0000][ 0.0000,  0.0000,  0.0000,  0.0000][ 0.0000,  0.0000,  0.0000,  0.0000][ 0.0000,  0.0000,  0.0000,  0.0000][ 0.0000,  0.0000,  0.0000,  0.0000]]
Used actions: {0: 68922, 1: 62216, 2: 58433, 3: 70429}
=======Value Maps=======
Value map of agent 0 for target pile (3, 2):
      0.0       0.0       0.0       0.0       0.0       0.0       0.0       0.0       0.0       0.0       0.0       0.0       0.0       0.0       0.0
      0.0   25.6467   28.0491   30.4867   32.2394   31.8513   31.3701       0.0   30.3122   29.7833   29.2544   28.7255   28.1966   27.6677       0.0
      0.0   28.4584   30.8886   33.3264   34.9882   34.6181   34.0892       0.0   33.0314   32.5024   31.9735   31.4446   30.9157   30.3868       0.0
      0.0   31.2896   33.7281   36.1653    37.709   37.3372   36.8083   36.2794   35.7505   35.2216   34.6926   34.1637   33.6348   33.1059       0.0
      0.0   34.1291   36.5676   39.0029    40.428   40.0563   39.5274       0.0   38.4696   37.9407   37.4118   36.8829   36.3539    35.825       0.0
      0.0   36.9686   39.4071   41.8405   43.0854    42.764   42.2465       0.0   41.1887   40.6598   40.1309    39.602   39.0731   38.5442       0.0
      0.0       0.0       0.0       0.0       0.0       0.0       0.0       0.0       0.0       0.0       0.0       0.0       0.0       0.0       0.0

=======Likeliest Action=======
Likeliest action map of agent 0 for target pile (3, 2):
[[nan nan nan nan nan nan nan nan nan nan nan nan nan nan nan]
 [nan  2.  2.  2.  2.  2.  2. nan  2.  2.  2.  2.  2.  2. nan]
 [nan  2.  2.  2.  2.  2.  2. nan  2.  2.  2.  2.  2.  2. nan]
 [nan  3.  3.  3.  3.  3.  3.  3.  3.  3.  3.  3.  3.  3. nan]
 [nan  0.  0.  0.  0.  0.  0. nan  0.  0.  0.  0.  0.  3. nan]
 [nan  0.  0.  0.  0.  0.  0. nan  0.  0.  0.  0.  0.  0. nan]
 [nan nan nan nan nan nan nan nan nan nan nan nan nan nan nan]]
=======Action Probabilities=======
Action probability map of agent 0 for target pile (3, 2):
[[ 0.0000,  0.0000,  0.0000,  0.0000][ 0.0000,  0.0000,  0.0000,  0.0000][ 0.0000,  0.0000,  0.0000,  0.0000][ 0.0000,  0.0000,  0.0000,  0.0000][ 0.0000,  0.0000,  0.0000,  0.0000][ 0.0000,  0.0000,  0.0000,  0.0000][ 0.0000,  0.0000,  0.0000,  0.0000][ 0.0000,  0.0000,  0.0000,  0.0000][ 0.0000,  0.0000,  0.0000,  0.0000][ 0.0000,  0.0000,  0.0000,  0.0000][ 0.0000,  0.0000,  0.0000,  0.0000][ 0.0000,  0.0000,  0.0000,  0.0000][ 0.0000,  0.0000,  0.0000,  0.0000][ 0.0000,  0.0000,  0.0000,  0.0000][ 0.0000,  0.0000,  0.0000,  0.0000]]
[[ 0.0000,  0.0000,  0.0000,  0.0000][ 0.0000,  0.0000,  1.0000,  0.0000][ 0.0000,  0.0000,  1.0000,  0.0000][ 0.0000,  0.0000,  1.0000,  0.0000][ 0.0000,  0.0000,  1.0000,  0.0000][ 0.0000,  0.0000,  1.0000,  0.0000][ 0.0000,  0.0000,  1.0000,  0.0000][ 0.0000,  0.0000,  0.0000,  0.0000][ 0.0000,  0.0000,  1.0000,  0.0000][ 0.0000,  0.0000,  1.0000,  0.0000][ 0.0000,  0.0000,  1.0000,  0.0000][ 0.0000,  0.0000,  1.0000,  0.0000][ 0.0000,  0.0000,  1.0000,  0.0000][ 0.0000,  0.0000,  1.0000,  0.0000][ 0.0000,  0.0000,  0.0000,  0.0000]]
[[ 0.0000,  0.0000,  0.0000,  0.0000][ 0.0000,  0.0005,  0.9924,  0.0070][ 0.0000,  0.0003,  0.9939,  0.0058][ 0.0000,  0.0002,  0.9948,  0.0050][ 0.0000,  0.0001,  0.9954,  0.0045][ 0.0000,  0.0001,  0.9958,  0.0041][ 0.0000,  0.0001,  0.9960,  0.0039][ 0.0000,  0.0000,  0.0000,  0.0000][ 0.0000,  0.0000,  0.9962,  0.0037][ 0.0000,  0.0000,  0.9962,  0.0037][ 0.0000,  0.0000,  0.9962,  0.0037][ 0.0000,  0.0000,  0.9962,  0.0038][ 0.0000,  0.0000,  0.9962,  0.0038][ 0.0000,  0.0000,  0.9962,  0.0038][ 0.0000,  0.0000,  0.0000,  0.0000]]
[[ 0.0000,  0.0000,  0.0000,  0.0000][ 0.1170,  0.0014,  0.0000,  0.8816][ 0.0609,  0.0007,  0.0000,  0.9384][ 0.0324,  0.0004,  0.0001,  0.9671][ 0.0181,  0.0002,  0.0001,  0.9816][ 0.0107,  0.0001,  0.0001,  0.9891][ 0.0067,  0.0001,  0.0001,  0.9931][ 0.0044,  0.0001,  0.0001,  0.9954][ 0.0031,  0.0001,  0.0002,  0.9967][ 0.0022,  0.0001,  0.0002,  0.9975][ 0.0016,  0.0000,  0.0003,  0.9980][ 0.0013,  0.0000,  0.0005,  0.9982][ 0.0010,  0.0000,  0.0006,  0.9983][ 0.0008,  0.0000,  0.0009,  0.9982][ 0.0000,  0.0000,  0.0000,  0.0000]]
[[ 0.0000,  0.0000,  0.0000,  0.0000][ 0.9967,  0.0000,  0.0000,  0.0033][ 0.9948,  0.0000,  0.0000,  0.0052][ 0.9915,  0.0000,  0.0000,  0.0085][ 0.9861,  0.0000,  0.0000,  0.0139][ 0.9771,  0.0000,  0.0000,  0.0229][ 0.9622,  0.0000,  0.0000,  0.0378][ 0.0000,  0.0000,  0.0000,  0.0000][ 0.8996,  0.0000,  0.0000,  0.1004][ 0.8417,  0.0000,  0.0000,  0.1583][ 0.7602,  0.0000,  0.0000,  0.2398][ 0.6559,  0.0000,  0.0000,  0.3441][ 0.5373,  0.0000,  0.0000,  0.4627][ 0.4180,  0.0000,  0.0000,  0.5820][ 0.0000,  0.0000,  0.0000,  0.0000]]
[[ 0.0000,  0.0000,  0.0000,  0.0000][ 0.9997,  0.0000,  0.0000,  0.0003][ 0.9996,  0.0000,  0.0000,  0.0004][ 0.9995,  0.0000,  0.0000,  0.0005][ 0.9993,  0.0000,  0.0000,  0.0007][ 0.9991,  0.0000,  0.0000,  0.0009][ 0.9988,  0.0000,  0.0000,  0.0012][ 0.0000,  0.0000,  0.0000,  0.0000][ 0.9977,  0.0000,  0.0000,  0.0023][ 0.9968,  0.0000,  0.0000,  0.0032][ 0.9955,  0.0000,  0.0000,  0.0045][ 0.9936,  0.0000,  0.0000,  0.0064][ 0.9909,  0.0000,  0.0000,  0.0091][ 0.9868,  0.0000,  0.0000,  0.0132][ 0.0000,  0.0000,  0.0000,  0.0000]]
[[ 0.0000,  0.0000,  0.0000,  0.0000][ 0.0000,  0.0000,  0.0000,  0.0000][ 0.0000,  0.0000,  0.0000,  0.0000][ 0.0000,  0.0000,  0.0000,  0.0000][ 0.0000,  0.0000,  0.0000,  0.0000][ 0.0000,  0.0000,  0.0000,  0.0000][ 0.0000,  0.0000,  0.0000,  0.0000][ 0.0000,  0.0000,  0.0000,  0.0000][ 0.0000,  0.0000,  0.0000,  0.0000][ 0.0000,  0.0000,  0.0000,  0.0000][ 0.0000,  0.0000,  0.0000,  0.0000][ 0.0000,  0.0000,  0.0000,  0.0000][ 0.0000,  0.0000,  0.0000,  0.0000][ 0.0000,  0.0000,  0.0000,  0.0000][ 0.0000,  0.0000,  0.0000,  0.0000]]
Used actions: {0: 68922, 1: 62216, 2: 58433, 3: 70429}
